vertex  0     0 44 204
vertex  15    7 128
vertex  36.5  29 44 131 153
vertex  47.5  66 80 94 98.5 128
vertex  51    36.5 51 58 66 80 95 98 110 124 139 153
vertex  55    29 43.8
vertex  76.5  29.2 43.8
vertex  80    36.5 51 58 66 80 95 98.5 109.5 124 139 153
vertex  84    66 80 95 98.5 128
vertex  95    29 43.8 131 153.3
vertex  117   7 128
vertex  131.4 0 44 204

texture floor_moon.png
texture wall_brick.png
texture wall_steel.png
texture wall_steel_window.png

sector  0 20    3 14 29 49             -1 1 11 22               1 -1 -1 -1
sector  0 20    17 15 14 3 9           -1 12 11 0 21            1 -1 -1 -1 -1
sector  0 20    41 42 43 44 50 49 40   -1 20 -1 3 -1 -1 22      1 -1 1 -1 1 1 -1
sector  0 14    12 13 44 43 35 20      -1 21 -1 2 -1 4          1 -1 1 -1 1 -1
sector  0 12    16 20 35 31            -1 -1 3 -1               1 1 -1 1
sector  16 36   24 8 2 53 48 39        18 -1 7 -1 6 -1          -1 2 -1 2 -1 2
sector  16 36   53 52 46 47 48         5 -1 8 10 -1             -1 2 -1 -1 2
sector  16 36   1 2 8 7 6              23 -1 5 -1 10            -1 2 -1 2 -1
sector  16 36   46 52 51 45            -1 6 -1 24               2 -1 2 -1
sector  16 36   25 26 28 27            24 -1 10 -1              -1 2 -1 2
sector  16 36   6 7 47 46 28 26        -1 7 -1 6 -1 9           2 -1 2 -1 2 -1
sector  2 20    14 15 30 29            0 1 12 22                -1 -1 -1 -1
sector  4 20    15 17 32 30            11 1 13 22               -1 -1 -1 -1
sector  6 20    17 18 33 32            12 -1 14 -1              -1 2 -1 2
sector  8 20    18 19 34 33            13 19 15 20              -1 -1 -1 -1
sector  10 24   19 21 36 34            14 -1 16 -1              -1 2 -1 2
sector  12 24   21 22 37 36            15 -1 17 -1              -1 2 -1 2
sector  14 28   22 23 38 37            16 -1 18 -1              -1 2 -1 2
sector  16 28   23 24 39 38            17 -1 5 -1               -1 2 -1 2
sector  8 14    10 11 19 18            -1 21 -1 14              1 -1 1 -1
sector  8 14    33 34 42 41            -1 14 -1 2               1 -1 1 -1
sector  0 20    4 13 12 11 10 9 3      -1 -1 3 -1 19 -1 1       1 1 -1 1 -1 1 1
sector  0 20    29 30 32 40 49         0 11 12 -1 2             -1 -1 -1 1 -1
sector  16 36   1 6 5 0                -1 7 -1 24               2 -1 2 -1
sector  16 36   0 5 25 27 45 51        -1 23 -1 9 -1 8          2 -1 2 -1 2 -1

player  15 44  45  0
